camera_user_parameters:
  BalanceRatioBlue: 2.02
  BalanceRatioRed: 1.44
  ExposureTime: 10000
  Gain: 9.997916666666667
  Gamma: 0.6546052631578947
